2 123 5 2 3 10 2 1 3 12 3 0 2 20 1 0 
11000011101001000111111000010001

2 123 5 2 3 10 2 1 3 12 3 0 2 20 1 1 
10001011010010100100101001000010

2 123 5 2 3 10 2 1 3 12 3 0 2 20 1 2 
00111101011001110111011110001100

2 123 5 2 3 10 2 1 3 12 3 0 2 20 1 3 
01001110100010010101011100010110

2 123 5 2 3 10 2 1 3 12 3 0 2 20 1 4 
10000110010111011011010001000001

2 123 5 2 3 10 2 1 3 12 3 0 2 20 1 5 
00010110100110001010101010100011

2 123 5 2 3 10 2 1 3 12 3 0 2 20 1 6 
11001100000000000001000110011010

2 123 5 2 3 10 2 1 3 12 3 0 2 20 1 7 
11111110000101100001110011101010

2 123 5 2 3 10 2 1 3 12 3 0 2 20 1 8 
11010000111111001100101101110010

2 123 5 2 3 10 2 1 3 12 3 0 2 20 1 9 
00101111110101000001101001100001

2 123 5 2 3 10 2 1 3 12 3 0 2 20 1 10 
00011010111100101011101111010100

2 123 5 2 3 10 2 1 3 12 3 0 2 20 1 11 
01011101100001101101111010000011

2 123 5 2 3 10 2 1 3 12 3 0 2 20 1 12 
10001101100110001000010101010011

2 123 5 2 3 10 2 1 3 12 3 0 2 20 1 13 
01000011011101100100101110011010

2 123 5 2 3 10 2 1 3 12 3 0 2 20 1 14 
00111001001111010101011111011110

2 123 5 2 3 10 2 1 3 12 3 0 2 20 1 15 
01100011100110100011111101001001

2 123 5 2 3 10 2 1 3 12 3 0 2 20 1 16 
01100001101001101010011101101010

2 123 5 2 3 10 2 1 3 12 3 0 2 20 1 17 
01011100000010101110010101101001

2 123 5 2 3 10 2 1 3 12 3 0 2 20 1 18 
00011101100001111101011101001111

2 123 5 2 3 10 2 1 3 12 3 0 2 20 1 19 
00001001101100001011111111000000

2 123 5 2 3 10 2 1 3 12 3 0 2 20 1 20 
01100100111010111110100010010011

2 123 5 2 3 10 2 1 3 12 3 0 2 20 1 21 
11011110011000110101101101001111

2 123 5 2 3 10 2 1 3 12 3 0 2 20 1 22 
01100010101110110110101001010101

2 123 5 2 3 10 2 1 3 12 3 0 2 20 1 23 
00110100111111110010011001010001

2 123 5 2 3 10 2 1 3 12 3 0 2 20 1 24 
01011110000011100001000101101100

2 123 5 2 3 10 2 1 3 12 3 0 2 20 1 25 
01101001100101101111100111010110

2 123 5 2 3 10 2 1 3 12 3 0 2 20 1 26 
00100001010001110011011001011110

2 123 5 2 3 10 2 1 3 12 3 0 2 20 1 27 
11000100011010010111110101101110

2 123 5 2 3 10 2 1 3 12 3 0 2 20 1 28 
11000011010110000010111011000010

2 123 5 2 3 10 2 1 3 12 3 0 2 20 1 29 
11110101000111000110010001001110

2 123 5 2 3 10 2 1 3 12 3 0 2 20 1 30 
00110010110011011101110001001001

2 123 5 2 3 10 2 1 3 12 3 0 2 20 1 31 
00011010001001000101000110100001

2 123 5 2 3 10 2 1 3 12 3 0 2 20 1 32 
00101011101001010110110101000010

2 123 5 2 3 10 2 1 3 12 3 0 2 20 1 33 
10010000111000110001111101110111

2 123 5 2 3 10 2 1 3 12 3 0 2 20 1 34 
10011111001001000100011110000000

2 123 5 2 3 10 2 1 3 12 3 0 2 20 1 35 
10100010000011001011111101011110

2 123 5 2 3 10 2 1 3 12 3 0 2 20 1 36 
10000010111110100100111000110000

2 123 5 2 3 10 2 1 3 12 3 0 2 20 1 37 
11000001001000001100000101010111

2 123 5 2 3 10 2 1 3 12 3 0 2 20 1 38 
00011111101100010011101101000010

2 123 5 2 3 10 2 1 3 12 3 0 2 20 1 39 
10110011111000100000000101011001

2 123 5 2 3 10 2 1 3 12 3 0 2 20 1 40 
01001011010010110000101100101001

2 123 5 2 3 10 2 1 3 12 3 0 2 20 1 41 
01111010100100110111101010010111

2 123 5 2 3 10 2 1 3 12 3 0 2 20 1 42 
11000100111110001001110100111110

2 123 5 2 3 10 2 1 3 12 3 0 2 20 1 43 
10111110111001000011010011100011

2 123 5 2 3 10 2 1 3 12 3 0 2 20 1 44 
00000001110101110011011001100101

2 123 5 2 3 10 2 1 3 12 3 0 2 20 1 45 
00100101101000011000100101001011

2 123 5 2 3 10 2 1 3 12 3 0 2 20 1 46 
11100000110010000110101111111100

2 123 5 2 3 10 2 1 3 12 3 0 2 20 1 47 
01010110001011010110011111110000

2 123 5 2 3 10 2 1 3 12 3 0 2 20 1 48 
10100010110101000110001001100010

2 123 5 2 3 10 2 1 3 12 3 0 2 20 1 49 
11011111111101111110001101110010

2 123 5 2 3 10 2 1 3 12 3 0 2 20 1 50 
11011001000111010110100110011101

2 123 5 2 3 10 2 1 3 12 3 0 2 20 1 51 
01011101111110101111101100100100

2 123 5 2 3 10 2 1 3 12 3 0 2 20 1 52 
11101011000001000100001111110010

2 123 5 2 3 10 2 1 3 12 3 0 2 20 1 53 
10000100111000110100001010000001

2 123 5 2 3 10 2 1 3 12 3 0 2 20 1 54 
11000111010001011100110100011000

2 123 5 2 3 10 2 1 3 12 3 0 2 20 1 55 
10001101001110101101010001111001

2 123 5 2 3 10 2 1 3 12 3 0 2 20 1 56 
11001111111001100111110110000100

2 123 5 2 3 10 2 1 3 12 3 0 2 20 1 57 
11101101100011001010111100110011

2 123 5 2 3 10 2 1 3 12 3 0 2 20 1 58 
10100111101010110111100011001011

2 123 5 2 3 10 2 1 3 12 3 0 2 20 1 59 
01110000011111011011001010101011

2 123 5 2 3 10 2 1 3 12 3 0 2 20 1 60 
10001110100000011000010010111001

2 123 5 2 3 10 2 1 3 12 3 0 2 20 1 61 
01010010001011000001000111101101

2 123 5 2 3 10 2 1 3 12 3 0 2 20 1 62 
01110001000000101000100100111101

2 123 5 2 3 10 2 1 3 12 3 0 2 20 1 63 
00100000000110101110001011111101

2 123 5 2 3 10 2 1 3 12 3 0 2 20 1 64 
11000111111010000110110110101011

2 123 5 2 3 10 2 1 3 12 3 0 2 20 1 65 
11100110101000000001011000010101

2 123 5 2 3 10 2 1 3 12 3 0 2 20 1 66 
00000110001110101101101010011110

2 123 5 2 3 10 2 1 3 12 3 0 2 20 1 67 
01011110111011111111111101100111

2 123 5 2 3 10 2 1 3 12 3 0 2 20 1 68 
10100110010011111010100111001011

2 123 5 2 3 10 2 1 3 12 3 0 2 20 1 69 
10000110000100011111010000111010

2 123 5 2 3 10 2 1 3 12 3 0 2 20 1 70 
11011100010110011010000100101011

2 123 5 2 3 10 2 1 3 12 3 0 2 20 1 71 
11000101100110100010100000001000

2 123 5 2 3 10 2 1 3 12 3 0 2 20 1 72 
01100110000101000100000001111100

2 123 5 2 3 10 2 1 3 12 3 0 2 20 1 73 
10110101101111000011010110101100

2 123 5 2 3 10 2 1 3 12 3 0 2 20 1 74 
01111000101111110111011111010111

2 123 5 2 3 10 2 1 3 12 3 0 2 20 1 75 
01011101010010100101101011101110

2 123 5 2 3 10 2 1 3 12 3 0 2 20 1 76 
00101010000101100101100110001000

2 123 5 2 3 10 2 1 3 12 3 0 2 20 1 77 
10011100001101001100110110010010

2 123 5 2 3 10 2 1 3 12 3 0 2 20 1 78 
00011101100101001100011101110100

2 123 5 2 3 10 2 1 3 12 3 0 2 20 1 79 
00001011110000100110010111000110

2 123 5 2 3 10 2 1 3 12 3 0 2 20 1 80 
11110111011110100000101001101100

2 123 5 2 3 10 2 1 3 12 3 0 2 20 1 81 
11101111010011000011000001110100

2 123 5 2 3 10 2 1 3 12 3 0 2 20 1 82 
10110001011111110101000111001100

2 123 5 2 3 10 2 1 3 12 3 0 2 20 1 83 
01011110110111100011001110111101

2 123 5 2 3 10 2 1 3 12 3 0 2 20 1 84 
00011110110010100111111010000001

2 123 5 2 3 10 2 1 3 12 3 0 2 20 1 85 
00111011100100001010110010011111

2 123 5 2 3 10 2 1 3 12 3 0 2 20 1 86 
00101111011010000010110110001101

2 123 5 2 3 10 2 1 3 12 3 0 2 20 1 87 
11011010100110010101010000000001

2 123 5 2 3 10 2 1 3 12 3 0 2 20 1 88 
11100101000101011010101011111111

2 123 5 2 3 10 2 1 3 12 3 0 2 20 1 89 
11111101001001111110111010101100

2 123 5 2 3 10 2 1 3 12 3 0 2 20 1 90 
00110011110011111110011010111011

2 123 5 2 3 10 2 1 3 12 3 0 2 20 1 91 
10001010011110011111100000011101

2 123 5 2 3 10 2 1 3 12 3 0 2 20 1 92 
10111011010110111010100010101110

2 123 5 2 3 10 2 1 3 12 3 0 2 20 1 93 
11010010100001100110110000100000

2 123 5 2 3 10 2 1 3 12 3 0 2 20 1 94 
11111111111010111011010110011110

2 123 5 2 3 10 2 1 3 12 3 0 2 20 1 95 
10101101010010101101110010010001

2 123 5 2 3 10 2 1 3 12 3 0 2 20 1 96 
10110100101110100100001011000000

2 123 5 2 3 10 2 1 3 12 3 0 2 20 1 97 
01011100011100100100110011010110

2 123 5 2 3 10 2 1 3 12 3 0 2 20 1 98 
01010111010010111001111111000011

2 123 5 2 3 10 2 1 3 12 3 0 2 20 1 99 
00110101111000010110110101111010

2 123 5 2 3 10 2 1 3 12 3 0 2 20 1 100 
11000111011110011110101001110010

2 123 5 2 3 10 2 1 3 12 3 0 2 20 1 101 
10010101000110100100110000010101

2 123 5 2 3 10 2 1 3 12 3 0 2 20 1 102 
00001011111001100011110100000111

2 123 5 2 3 10 2 1 3 12 3 0 2 20 1 103 
00100011011000001010001011101011

2 123 5 2 3 10 2 1 3 12 3 0 2 20 1 104 
11001110010100100110011101111001

2 123 5 2 3 10 2 1 3 12 3 0 2 20 1 105 
00111001010001101100100100001010

2 123 5 2 3 10 2 1 3 12 3 0 2 20 1 106 
01100111001010011001110000111010

2 123 5 2 3 10 2 1 3 12 3 0 2 20 1 107 
10010100101110001000100100010011

2 123 5 2 3 10 2 1 3 12 3 0 2 20 1 108 
11110101100001010000011101100000

2 123 5 2 3 10 2 1 3 12 3 0 2 20 1 109 
00000001000000111000111111010000

2 123 5 2 3 10 2 1 3 12 3 0 2 20 1 110 
11110000101111001001001100100010

2 123 5 2 3 10 2 1 3 12 3 0 2 20 1 111 
11011101010001111001100010111101

2 123 5 2 3 10 2 1 3 12 3 0 2 20 1 112 
01111111110111111011010010101010

2 123 5 2 3 10 2 1 3 12 3 0 2 20 1 113 
00001000011100101001000010101101

2 123 5 2 3 10 2 1 3 12 3 0 2 20 1 114 
00110101010101101111110000111110

2 123 5 2 3 10 2 1 3 12 3 0 2 20 1 115 
10010110000000010011111100111000

2 123 5 2 3 10 2 1 3 12 3 0 2 20 1 116 
00100010001100101111100100001010

2 123 5 2 3 10 2 1 3 12 3 0 2 20 1 117 
11010001101110001111000001110111

2 123 5 2 3 10 2 1 3 12 3 0 2 20 1 118 
01010010001000000111000110111011

2 123 5 2 3 10 2 1 3 12 3 0 2 20 1 119 
11010001000101001011001110000001

2 123 5 2 3 10 2 1 3 12 3 0 2 20 1 120 
00110111100001100101000100010100

2 123 5 2 3 10 2 1 3 12 3 0 2 20 1 121 
10111000110111010100010100110010

2 123 5 2 3 10 2 1 3 12 3 0 2 20 1 122 
00001000011000110100101101110110

2 123 5 2 3 10 2 1 3 12 3 0 2 20 1 123 
01100110011101110111111001000011

2 123 5 2 3 10 2 1 3 12 3 0 2 20 1 124 
00111111100110000010010111000110

2 123 5 2 3 10 2 1 3 12 3 0 2 20 1 125 
10001110011011000100001010111010

2 123 5 2 3 10 2 1 3 12 3 0 2 20 1 126 
00010001101101011101010000111001

2 123 5 2 3 10 2 1 3 12 3 0 2 20 1 127 
11100011011110001011010110111010

2 123 5 2 3 10 2 1 3 12 3 0 2 20 1 128 
11000010011111111110111001100111

2 123 5 2 3 10 2 1 3 12 3 0 2 20 1 129 
11010010110100100010011101011100

2 123 5 2 3 10 2 1 3 12 3 0 2 20 1 130 
00010101000101110100011000010001

2 123 5 2 3 10 2 1 3 12 3 0 2 20 1 131 
11111111100010011101000011110110

2 123 5 2 3 10 2 1 3 12 3 0 2 20 1 132 
01111101011111000101101101100011

2 123 5 2 3 10 2 1 3 12 3 0 2 20 1 133 
11010110011001111001110000100010

2 123 5 2 3 10 2 1 3 12 3 0 2 20 1 134 
00001100110001100011010100011000

2 123 5 2 3 10 2 1 3 12 3 0 2 20 1 135 
01000010001101001010011111001000

2 123 5 2 3 10 2 1 3 12 3 0 2 20 1 136 
10110111010010111001001110000011

2 123 5 2 3 10 2 1 3 12 3 0 2 20 1 137 
10011111110111001010010111011010

2 123 5 2 3 10 2 1 3 12 3 0 2 20 1 138 
01010010011000111011010100100010

2 123 5 2 3 10 2 1 3 12 3 0 2 20 1 139 
11110000000010001101001011100001

2 123 5 2 3 10 2 1 3 12 3 0 2 20 1 140 
10000011100001010001101010001101

2 123 5 2 3 10 2 1 3 12 3 0 2 20 1 141 
00001101110001101000011101100111

2 123 5 2 3 10 2 1 3 12 3 0 2 20 1 142 
10100001110110101001100011001100

2 123 5 2 3 10 2 1 3 12 3 0 2 20 1 143 
11100110000001010100101000001100

2 123 5 2 3 10 2 1 3 12 3 0 2 20 1 144 
00110100011111000000010100000101

2 123 5 2 3 10 2 1 3 12 3 0 2 20 1 145 
10001111111110001101011100011111

2 123 5 2 3 10 2 1 3 12 3 0 2 20 1 146 
10001111101100110011111010101111

2 123 5 2 3 10 2 1 3 12 3 0 2 20 1 147 
10011000001111111000000111111001

2 123 5 2 3 10 2 1 3 12 3 0 2 20 1 148 
11000000110110011110000101100011

2 123 5 2 3 10 2 1 3 12 3 0 2 20 1 149 
10100111001011110011000100010011

2 123 5 2 3 10 2 1 3 12 3 0 2 20 1 150 
10000000110010010101101001111100

2 123 5 2 3 10 2 1 3 12 3 0 2 20 1 151 
11111001010001011110000000001011

2 123 5 2 3 10 2 1 3 12 3 0 2 20 1 152 
11010001100000010101011010101000

2 123 5 2 3 10 2 1 3 12 3 0 2 20 1 153 
10000010001101001001110110101010

2 123 5 2 3 10 2 1 3 12 3 0 2 20 1 154 
01001110101010011110100100101100

2 123 5 2 3 10 2 1 3 12 3 0 2 20 1 155 
11101110010100100000111000000000

2 123 5 2 3 10 2 1 3 12 3 0 2 20 1 156 
00100110111110100010100110010100

2 123 5 2 3 10 2 1 3 12 3 0 2 20 1 157 
01001011000100001011000000111100

2 123 5 2 3 10 2 1 3 12 3 0 2 20 1 158 
00101110001000100011001101100000

2 123 5 2 3 10 2 1 3 12 3 0 2 20 1 159 
11001000010110101000010101000010

2 123 5 2 3 10 2 1 3 12 3 0 2 20 1 160 
10000000100110110000110110100101

2 123 5 2 3 10 2 1 3 12 3 0 2 20 1 161 
01111101000101001001101110111010

2 123 5 2 3 10 2 1 3 12 3 0 2 20 1 162 
00010001001111000001110101010100

2 123 5 2 3 10 2 1 3 12 3 0 2 20 1 163 
01101001110010100000010001110000

2 123 5 2 3 10 2 1 3 12 3 0 2 20 1 164 
11010001011010111101111110101100

2 123 5 2 3 10 2 1 3 12 3 0 2 20 1 165 
10001100101010000010010000011000

2 123 5 2 3 10 2 1 3 12 3 0 2 20 1 166 
00001001001100001000011010100011

2 123 5 2 3 10 2 1 3 12 3 0 2 20 1 167 
10010011010110111011000111100101

2 123 5 2 3 10 2 1 3 12 3 0 2 20 1 168 
00011100000111001011000100001000

2 123 5 2 3 10 2 1 3 12 3 0 2 20 1 169 
01110110110100001111011100010101

2 123 5 2 3 10 2 1 3 12 3 0 2 20 1 170 
01010101001101001111011011101100

2 123 5 2 3 10 2 1 3 12 3 0 2 20 1 171 
10000010011100000011011010110100

2 123 5 2 3 10 2 1 3 12 3 0 2 20 1 172 
01100110101011101010010000010110

2 123 5 2 3 10 2 1 3 12 3 0 2 20 1 173 
11101011011001001010111110101001

2 123 5 2 3 10 2 1 3 12 3 0 2 20 1 174 
01010010000110101011110111010111

2 123 5 2 3 10 2 1 3 12 3 0 2 20 1 175 
11101001111100111011001111000110

2 123 5 2 3 10 2 1 3 12 3 0 2 20 1 176 
10110001011110111011011001101010

2 123 5 2 3 10 2 1 3 12 3 0 2 20 1 177 
10011000010110101011010001000000

2 123 5 2 3 10 2 1 3 12 3 0 2 20 1 178 
01001110111001100010010001100010

2 123 5 2 3 10 2 1 3 12 3 0 2 20 1 179 
11000101100011100011101100010110

2 123 5 2 3 10 2 1 3 12 3 0 2 20 1 180 
00000000111100011001111100000101

2 123 5 2 3 10 2 1 3 12 3 0 2 20 1 181 
10000010000111101100000001110111

2 123 5 2 3 10 2 1 3 12 3 0 2 20 1 182 
01001111011010010101001101000110

2 123 5 2 3 10 2 1 3 12 3 0 2 20 1 183 
11100110100101111000100100110101

2 123 5 2 3 10 2 1 3 12 3 0 2 20 1 184 
11010101100110011010111100001110

2 123 5 2 3 10 2 1 3 12 3 0 2 20 1 185 
00100000000010110001000011010010

2 123 5 2 3 10 2 1 3 12 3 0 2 20 1 186 
01011011010101101011101011101101

2 123 5 2 3 10 2 1 3 12 3 0 2 20 1 187 
01010110000111111101011100111011

2 123 5 2 3 10 2 1 3 12 3 0 2 20 1 188 
10010110011001011011110010001110

2 123 5 2 3 10 2 1 3 12 3 0 2 20 1 189 
00001100010010011011110111111100

2 123 5 2 3 10 2 1 3 12 3 0 2 20 1 190 
01000101101010001100101000111011

2 123 5 2 3 10 2 1 3 12 3 0 2 20 1 191 
00110100000010111111110000111010

2 123 5 2 3 10 2 1 3 12 3 0 2 20 1 192 
10110001001100000001001010011110

2 123 5 2 3 10 2 1 3 12 3 0 2 20 1 193 
00000000111011111001100100010110

2 123 5 2 3 10 2 1 3 12 3 0 2 20 1 194 
00010110001001001101101110110001

2 123 5 2 3 10 2 1 3 12 3 0 2 20 1 195 
01101100111100101100001010001101

2 123 5 2 3 10 2 1 3 12 3 0 2 20 1 196 
11110000111100101010000001001111

2 123 5 2 3 10 2 1 3 12 3 0 2 20 1 197 
11100010101011011100000100111011

2 123 5 2 3 10 2 1 3 12 3 0 2 20 1 198 
11100010001110111010100100111111

2 123 5 2 3 10 2 1 3 12 3 0 2 20 1 199 
11101100100100110101111110110011

2 123 5 2 3 10 2 1 3 12 3 0 2 20 1 200 
00010011000011110101010100110110

2 123 5 2 3 10 2 1 3 12 3 0 2 20 1 201 
01011110100011011101101100111000

2 123 5 2 3 10 2 1 3 12 3 0 2 20 1 202 
10000110101100101010111111100100

2 123 5 2 3 10 2 1 3 12 3 0 2 20 1 203 
00000111010100011001000100000100

2 123 5 2 3 10 2 1 3 12 3 0 2 20 1 204 
00111110011010000110111011000100

2 123 5 2 3 10 2 1 3 12 3 0 2 20 1 205 
10001110010101101110001111001001

2 123 5 2 3 10 2 1 3 12 3 0 2 20 1 206 
01100100111011010100100101010110

2 123 5 2 3 10 2 1 3 12 3 0 2 20 1 207 
00110001000100000100010010011000

2 123 5 2 3 10 2 1 3 12 3 0 2 20 1 208 
00110010000110100000000100111100

2 123 5 2 3 10 2 1 3 12 3 0 2 20 1 209 
01110011101101100000010110110011

2 123 5 2 3 10 2 1 3 12 3 0 2 20 1 210 
11111101011000111100110100001101

2 123 5 2 3 10 2 1 3 12 3 0 2 20 1 211 
11110101100010010111000110111110

2 123 5 2 3 10 2 1 3 12 3 0 2 20 1 212 
10101011010000111101001100011111

2 123 5 2 3 10 2 1 3 12 3 0 2 20 1 213 
01101010010110110111011111001011

2 123 5 2 3 10 2 1 3 12 3 0 2 20 1 214 
00100001111011011000011111110101

2 123 5 2 3 10 2 1 3 12 3 0 2 20 1 215 
10101111110010011110001101101100

2 123 5 2 3 10 2 1 3 12 3 0 2 20 1 216 
10100011001100101011010101010001

2 123 5 2 3 10 2 1 3 12 3 0 2 20 1 217 
10010000001010010001100100001100

2 123 5 2 3 10 2 1 3 12 3 0 2 20 1 218 
01111010000010100100010110010001

2 123 5 2 3 10 2 1 3 12 3 0 2 20 1 219 
11100111000110111111010100011000

2 123 5 2 3 10 2 1 3 12 3 0 2 20 1 220 
11110101101001000011101110101111

2 123 5 2 3 10 2 1 3 12 3 0 2 20 1 221 
00110001101101011001100011010000

2 123 5 2 3 10 2 1 3 12 3 0 2 20 1 222 
01100101110011001001100100101011

2 123 5 2 3 10 2 1 3 12 3 0 2 20 1 223 
10111010100110101010000111101010

2 123 5 2 3 10 2 1 3 12 3 0 2 20 1 224 
00100110000000110110011101011101

2 123 5 2 3 10 2 1 3 12 3 0 2 20 1 225 
00110101000011111010101111110110

2 123 5 2 3 10 2 1 3 12 3 0 2 20 1 226 
10101000010000110010010011001001

2 123 5 2 3 10 2 1 3 12 3 0 2 20 1 227 
10001110101010101101111100000001

2 123 5 2 3 10 2 1 3 12 3 0 2 20 1 228 
10010000101010000000111011001010

2 123 5 2 3 10 2 1 3 12 3 0 2 20 1 229 
00101110010000111000110011001110

2 123 5 2 3 10 2 1 3 12 3 0 2 20 1 230 
00101000111010100101110111111110

2 123 5 2 3 10 2 1 3 12 3 0 2 20 1 231 
11110110010100011010110100010110

2 123 5 2 3 10 2 1 3 12 3 0 2 20 1 232 
10110010000001100101100101011101

2 123 5 2 3 10 2 1 3 12 3 0 2 20 1 233 
00000000100101000100100010110000

2 123 5 2 3 10 2 1 3 12 3 0 2 20 1 234 
01010100101101111111001101000001

2 123 5 2 3 10 2 1 3 12 3 0 2 20 1 235 
00001101100100101011011110110111

2 123 5 2 3 10 2 1 3 12 3 0 2 20 1 236 
01001101111111110001101000110111

2 123 5 2 3 10 2 1 3 12 3 0 2 20 1 237 
01010001000110111010011000011010

2 123 5 2 3 10 2 1 3 12 3 0 2 20 1 238 
11100101011000001111100001111111

2 123 5 2 3 10 2 1 3 12 3 0 2 20 1 239 
00001010110011000101100011110010

2 123 5 2 3 10 2 1 3 12 3 0 2 20 1 240 
00011111100100010011000111100011

2 123 5 2 3 10 2 1 3 12 3 0 2 20 1 241 
01010100101001101110011010000001

2 123 5 2 3 10 2 1 3 12 3 0 2 20 1 242 
10101100110000001010100100111000

2 123 5 2 3 10 2 1 3 12 3 0 2 20 1 243 
11010110001100111101010001010001

2 123 5 2 3 10 2 1 3 12 3 0 2 20 1 244 
11000000101011001010000110011111

2 123 5 2 3 10 2 1 3 12 3 0 2 20 1 245 
00101110011011011000111101100101

2 123 5 2 3 10 2 1 3 12 3 0 2 20 1 246 
11111111001101101110000110011110

2 123 5 2 3 10 2 1 3 12 3 0 2 20 1 247 
11011011011111100100111001011110

2 123 5 2 3 10 2 1 3 12 3 0 2 20 1 248 
10001001010111110000110000111111

2 123 5 2 3 10 2 1 3 12 3 0 2 20 1 249 
00110101011001000001010000111011

2 123 5 2 3 10 2 1 3 12 3 0 2 20 1 250 
10110101010100010100100101000101

2 123 5 2 3 10 2 1 3 12 3 0 2 20 1 251 
11010100000111001111001000110001

2 123 5 2 3 10 2 1 3 12 3 0 2 20 1 252 
11111100011111011110011111011101

2 123 5 2 3 10 2 1 3 12 3 0 2 20 1 253 
11010010110101100101000111000101

2 123 5 2 3 10 2 1 3 12 3 0 2 20 1 254 
01011111110101001110011100100000

2 123 5 2 3 10 2 1 3 12 3 0 2 20 1 255 
10001111001110111110001000100111

2 123 5 2 3 10 2 1 3 12 3 0 2 20 1 256 
00110011011000101111011011011010

2 123 5 2 3 10 2 1 3 12 3 0 2 20 1 257 
10100011100001000000010010101000

2 123 5 2 3 10 2 1 3 12 3 0 2 20 1 258 
11101011000011011101000111100110

2 123 5 2 3 10 2 1 3 12 3 0 2 20 1 259 
01000101011010111010111111010110

2 123 5 2 3 10 2 1 3 12 3 0 2 20 1 260 
01000010001010101011110001110000

2 123 5 2 3 10 2 1 3 12 3 0 2 20 1 261 
01100111001101110111111101010101

2 123 5 2 3 10 2 1 3 12 3 0 2 20 1 262 
00110011000011101101100010111000

2 123 5 2 3 10 2 1 3 12 3 0 2 20 1 263 
01100001001110001011101101000110

2 123 5 2 3 10 2 1 3 12 3 0 2 20 1 264 
11010011001110110110111110101011

2 123 5 2 3 10 2 1 3 12 3 0 2 20 1 265 
00001001000111110110011000000111

2 123 5 2 3 10 2 1 3 12 3 0 2 20 1 266 
10110101101011111010110001111110

2 123 5 2 3 10 2 1 3 12 3 0 2 20 1 267 
01100101010100100100101011110111

2 123 5 2 3 10 2 1 3 12 3 0 2 20 1 268 
10111111101111001011110001110110

2 123 5 2 3 10 2 1 3 12 3 0 2 20 1 269 
00111100101110100110100101011100

2 123 5 2 3 10 2 1 3 12 3 0 2 20 1 270 
11001111001111001001111111101001

2 123 5 2 3 10 2 1 3 12 3 0 2 20 1 271 
10010000010101000101000001100010

2 123 5 2 3 10 2 1 3 12 3 0 2 20 1 272 
11000100111001110111100011100011

2 123 5 2 3 10 2 1 3 12 3 0 2 20 1 273 
01110000110000100011001101010100

2 123 5 2 3 10 2 1 3 12 3 0 2 20 1 274 
11010101000011001001001110100001

2 123 5 2 3 10 2 1 3 12 3 0 2 20 1 275 
11101110000101111010110101110011

2 123 5 2 3 10 2 1 3 12 3 0 2 20 1 276 
01101001010111001110000101011111

2 123 5 2 3 10 2 1 3 12 3 0 2 20 1 277 
11110010000101000111100000001011

2 123 5 2 3 10 2 1 3 12 3 0 2 20 1 278 
11111011110000110001110111010010

2 123 5 2 3 10 2 1 3 12 3 0 2 20 1 279 
11011001011110000111011010101010

2 123 5 2 3 10 2 1 3 12 3 0 2 20 1 280 
01001001110010100100001000111110

2 123 5 2 3 10 2 1 3 12 3 0 2 20 1 281 
01000000001101101010100010001111

2 123 5 2 3 10 2 1 3 12 3 0 2 20 1 282 
00101000110100010001100000011011

2 123 5 2 3 10 2 1 3 12 3 0 2 20 1 283 
11101010010101110010101101100000

2 123 5 2 3 10 2 1 3 12 3 0 2 20 1 284 
10001000010010011001000111000110

2 123 5 2 3 10 2 1 3 12 3 0 2 20 1 285 
00011001101011100000011001000010

2 123 5 2 3 10 2 1 3 12 3 0 2 20 1 286 
01100110010000110101000011010000

2 123 5 2 3 10 2 1 3 12 3 0 2 20 1 287 
11010000100001111010011000000100

2 123 5 2 3 10 2 1 3 12 3 0 2 20 1 288 
01011110100001000001001101010001

2 123 5 2 3 10 2 1 3 12 3 0 2 20 1 289 
00011111111110110100111101100010

2 123 5 2 3 10 2 1 3 12 3 0 2 20 1 290 
11000011111101000101110011001100

2 123 5 2 3 10 2 1 3 12 3 0 2 20 1 291 
00111100111010011000000000111111

2 123 5 2 3 10 2 1 3 12 3 0 2 20 1 292 
00000011000001010001101111110111

2 123 5 2 3 10 2 1 3 12 3 0 2 20 1 293 
11111011101110111101000000111111

2 123 5 2 3 10 2 1 3 12 3 0 2 20 1 294 
00010010010110000001011010000111

2 123 5 2 3 10 2 1 3 12 3 0 2 20 1 295 
10001000100100011111010011000101

2 123 5 2 3 10 2 1 3 12 3 0 2 20 1 296 
00101011011011110000010001101110

2 123 5 2 3 10 2 1 3 12 3 0 2 20 1 297 
10000001001010111011011010111001

2 123 5 2 3 10 2 1 3 12 3 0 2 20 1 298 
11000010001010010000101101011111

2 123 5 2 3 10 2 1 3 12 3 0 2 20 1 299 
11000010110110100111110011010011

2 123 5 2 3 10 2 1 3 12 3 0 2 20 1 300 
11000000100110001110010111101000

2 123 5 2 3 10 2 1 3 12 3 0 2 20 1 301 
11001110010001111000100001011101

2 123 5 2 3 10 2 1 3 12 3 0 2 20 1 302 
01101101010110100010000011010101

2 123 5 2 3 10 2 1 3 12 3 0 2 20 1 303 
11001011001101100011001000101110

2 123 5 2 3 10 2 1 3 12 3 0 2 20 1 304 
01101010010010001010101110010101

2 123 5 2 3 10 2 1 3 12 3 0 2 20 1 305 
11000010011101110111100100001010

2 123 5 2 3 10 2 1 3 12 3 0 2 20 1 306 
10101010101000000110001101000101

2 123 5 2 3 10 2 1 3 12 3 0 2 20 1 307 
00101111101111011001010010010100

2 123 5 2 3 10 2 1 3 12 3 0 2 20 1 308 
00010101101011000000100110101100

2 123 5 2 3 10 2 1 3 12 3 0 2 20 1 309 
11101001110111101001110010011010

2 123 5 2 3 10 2 1 3 12 3 0 2 20 1 310 
11001011100101100011110001100011

2 123 5 2 3 10 2 1 3 12 3 0 2 20 1 311 
11011001110110110101011111111111

2 123 5 2 3 10 2 1 3 12 3 0 2 20 1 312 
00000010101111010000001101000101

2 123 5 2 3 10 2 1 3 12 3 0 2 20 1 313 
00100100001100110101101100110011

2 123 5 2 3 10 2 1 3 12 3 0 2 20 1 314 
10110110101111101010101001011001

2 123 5 2 3 10 2 1 3 12 3 0 2 20 1 315 
01110111110011011001110010011010

2 123 5 2 3 10 2 1 3 12 3 0 2 20 1 316 
00010001001111110001110111000111

2 123 5 2 3 10 2 1 3 12 3 0 2 20 1 317 
11110010100111100001010000101110

2 123 5 2 3 10 2 1 3 12 3 0 2 20 1 318 
11101111111000000101001011111011

2 123 5 2 3 10 2 1 3 12 3 0 2 20 1 319 
10110100001011000011110100001010

2 123 5 2 3 10 2 1 3 12 3 0 2 20 1 320 
01101111011011011111010101011111

2 123 5 2 3 10 2 1 3 12 3 0 2 20 1 321 
11111001101110011111000110010111

2 123 5 2 3 10 2 1 3 12 3 0 2 20 1 322 
10000011111101001101110010001111

2 123 5 2 3 10 2 1 3 12 3 0 2 20 1 323 
11011001111011010110100111001101

2 123 5 2 3 10 2 1 3 12 3 0 2 20 1 324 
01111110100101000000110101011110

2 123 5 2 3 10 2 1 3 12 3 0 2 20 1 325 
01011001001111111001011100111001

2 123 5 2 3 10 2 1 3 12 3 0 2 20 1 326 
10001010111110011000110110111010

2 123 5 2 3 10 2 1 3 12 3 0 2 20 1 327 
11001010111010100101111100011001

2 123 5 2 3 10 2 1 3 12 3 0 2 20 1 328 
10101010011100110100011001010111

2 123 5 2 3 10 2 1 3 12 3 0 2 20 1 329 
00100110010100100101100001010110

2 123 5 2 3 10 2 1 3 12 3 0 2 20 1 330 
10100101001100110010001000010101

2 123 5 2 3 10 2 1 3 12 3 0 2 20 1 331 
10100110000100000111000000001100

2 123 5 2 3 10 2 1 3 12 3 0 2 20 1 332 
00111111010001011010111110011010

2 123 5 2 3 10 2 1 3 12 3 0 2 20 1 333 
00111000101111011101000001000101

2 123 5 2 3 10 2 1 3 12 3 0 2 20 1 334 
00001100010110000100100011000000

2 123 5 2 3 10 2 1 3 12 3 0 2 20 1 335 
01000000000011101011110001110100

2 123 5 2 3 10 2 1 3 12 3 0 2 20 1 336 
01101111101000101001100000110001

2 123 5 2 3 10 2 1 3 12 3 0 2 20 1 337 
00100100100111001001100111000011

2 123 5 2 3 10 2 1 3 12 3 0 2 20 1 338 
01000000110001100110111001100010

2 123 5 2 3 10 2 1 3 12 3 0 2 20 1 339 
10010110101010100011100111111101

2 123 5 2 3 10 2 1 3 12 3 0 2 20 1 340 
01001111010111111011000000101110

2 123 5 2 3 10 2 1 3 12 3 0 2 20 1 341 
00011001110100101000111111110101

2 123 5 2 3 10 2 1 3 12 3 0 2 20 1 342 
10011011001010001101000111011101

2 123 5 2 3 10 2 1 3 12 3 0 2 20 1 343 
10000011100000000101100100111011

2 123 5 2 3 10 2 1 3 12 3 0 2 20 1 344 
00100100100101001100110010011101

2 123 5 2 3 10 2 1 3 12 3 0 2 20 1 345 
01100111100101000110111100011010

2 123 5 2 3 10 2 1 3 12 3 0 2 20 1 346 
01111011101110111101010100011011

2 123 5 2 3 10 2 1 3 12 3 0 2 20 1 347 
10001011011010010100101010000100

2 123 5 2 3 10 2 1 3 12 3 0 2 20 1 348 
01100110111010001010100011100001

2 123 5 2 3 10 2 1 3 12 3 0 2 20 1 349 
11100100001101111001110101100110

2 123 5 2 3 10 2 1 3 12 3 0 2 20 1 350 
01100110000101011001110101110001

2 123 5 2 3 10 2 1 3 12 3 0 2 20 1 351 
01010001101100111110000110010111

2 123 5 2 3 10 2 1 3 12 3 0 2 20 1 352 
11000101100011100001100011101101

2 123 5 2 3 10 2 1 3 12 3 0 2 20 1 353 
01010010100000000011101111001101

2 123 5 2 3 10 2 1 3 12 3 0 2 20 1 354 
10001111011010010101100011001010

2 123 5 2 3 10 2 1 3 12 3 0 2 20 1 355 
01100100010001100010011101011011

2 123 5 2 3 10 2 1 3 12 3 0 2 20 1 356 
11011110001001101111111110100011

2 123 5 2 3 10 2 1 3 12 3 0 2 20 1 357 
10011110011111101011001011011101

2 123 5 2 3 10 2 1 3 12 3 0 2 20 1 358 
11101100110011010100010111010000

2 123 5 2 3 10 2 1 3 12 3 0 2 20 1 359 
01100110011001000011010101001011

2 123 5 2 3 10 2 1 3 12 3 0 2 20 1 360 
11001010100010011001011100011100

2 123 5 2 3 10 2 1 3 12 3 0 2 20 1 361 
11111110101010010100010001111111

2 123 5 2 3 10 2 1 3 12 3 0 2 20 1 362 
10011110010001000001111010011010

2 123 5 2 3 10 2 1 3 12 3 0 2 20 1 363 
10000011111111011100000011101001

2 123 5 2 3 10 2 1 3 12 3 0 2 20 1 364 
00011110111000110001111111001110

2 123 5 2 3 10 2 1 3 12 3 0 2 20 1 365 
01010101101001111000100010110011

2 123 5 2 3 10 2 1 3 12 3 0 2 20 1 366 
00010011000010000101000100110001

2 123 5 2 3 10 2 1 3 12 3 0 2 20 1 367 
10010101111001110101110100001100

2 123 5 2 3 10 2 1 3 12 3 0 2 20 1 368 
11011001111001111110111110010111

2 123 5 2 3 10 2 1 3 12 3 0 2 20 1 369 
11000101111000101010011110101000

2 123 5 2 3 10 2 1 3 12 3 0 2 20 1 370 
00010010001010100110011111100110

2 123 5 2 3 10 2 1 3 12 3 0 2 20 1 371 
00010100100001000101110111101100

2 123 5 2 3 10 2 1 3 12 3 0 2 20 1 372 
00111110111110101000011010011100

2 123 5 2 3 10 2 1 3 12 3 0 2 20 1 373 
10101001101110010101000110111001

2 123 5 2 3 10 2 1 3 12 3 0 2 20 1 374 
01111110010000110001011101111100

2 123 5 2 3 10 2 1 3 12 3 0 2 20 1 375 
11101111110111000100001011011110

2 123 5 2 3 10 2 1 3 12 3 0 2 20 1 376 
10101000011011110001010111001101

2 123 5 2 3 10 2 1 3 12 3 0 2 20 1 377 
11100001001101100011010111110000

2 123 5 2 3 10 2 1 3 12 3 0 2 20 1 378 
01110111001110101101011111000011

2 123 5 2 3 10 2 1 3 12 3 0 2 20 1 379 
01100101111010010110001010101111

2 123 5 2 3 10 2 1 3 12 3 0 2 20 1 380 
11011110111100001001010111000101

2 123 5 2 3 10 2 1 3 12 3 0 2 20 1 381 
11101011101111001011101010011000

2 123 5 2 3 10 2 1 3 12 3 0 2 20 1 382 
00011111100101011101001000010111

2 123 5 2 3 10 2 1 3 12 3 0 2 20 1 383 
10110100001100111000111100111110

2 123 5 2 3 10 2 1 3 12 3 0 2 20 1 384 
00110101001011101110111111011001

2 123 5 2 3 10 2 1 3 12 3 0 2 20 1 385 
10110010000111010010100011100110

2 123 5 2 3 10 2 1 3 12 3 0 2 20 1 386 
10001011110111100001001111001010

2 123 5 2 3 10 2 1 3 12 3 0 2 20 1 387 
00110000101101110111000000000010

2 123 5 2 3 10 2 1 3 12 3 0 2 20 1 388 
10011100100111110110100000011110

2 123 5 2 3 10 2 1 3 12 3 0 2 20 1 389 
01101010101111110100101001101001

2 123 5 2 3 10 2 1 3 12 3 0 2 20 1 390 
01110100011011111011011100000111

2 123 5 2 3 10 2 1 3 12 3 0 2 20 1 391 
10000111000010010010111100111101

2 123 5 2 3 10 2 1 3 12 3 0 2 20 1 392 
01000100010010110010111001100111

2 123 5 2 3 10 2 1 3 12 3 0 2 20 1 393 
00100011110011100010000000110111

2 123 5 2 3 10 2 1 3 12 3 0 2 20 1 394 
00010100101100010101100111011110

2 123 5 2 3 10 2 1 3 12 3 0 2 20 1 395 
11111001000011101100101000000100

2 123 5 2 3 10 2 1 3 12 3 0 2 20 1 396 
01000000001101011011100011111110

2 123 5 2 3 10 2 1 3 12 3 0 2 20 1 397 
01011100101111010110001101100010

2 123 5 2 3 10 2 1 3 12 3 0 2 20 1 398 
01000000111111001100110101010101

2 123 5 2 3 10 2 1 3 12 3 0 2 20 1 399 
11000111110001101010101010110111

2 123 5 2 3 10 2 1 3 12 3 0 2 20 1 400 
01001000110011011100011111010001

2 123 5 2 3 10 2 1 3 12 3 0 2 20 1 401 
11100010100000011101100000000011

2 123 5 2 3 10 2 1 3 12 3 0 2 20 1 402 
10010011100100110000000110100011

2 123 5 2 3 10 2 1 3 12 3 0 2 20 1 403 
10001111111111111110100100001100

2 123 5 2 3 10 2 1 3 12 3 0 2 20 1 404 
01101011110000001111001000100001

2 123 5 2 3 10 2 1 3 12 3 0 2 20 1 405 
01111100010100001010110100000100

2 123 5 2 3 10 2 1 3 12 3 0 2 20 1 406 
11101010100100000110111010100101

2 123 5 2 3 10 2 1 3 12 3 0 2 20 1 407 
10110011111000011100001010100011

2 123 5 2 3 10 2 1 3 12 3 0 2 20 1 408 
01110001110100101010100010110001

2 123 5 2 3 10 2 1 3 12 3 0 2 20 1 409 
00101001101000011111100000011101

2 123 5 2 3 10 2 1 3 12 3 0 2 20 1 410 
10000011110100001100011111000100

2 123 5 2 3 10 2 1 3 12 3 0 2 20 1 411 
10010010001111101101100100110111

2 123 5 2 3 10 2 1 3 12 3 0 2 20 1 412 
01001011011101010010001010000001

2 123 5 2 3 10 2 1 3 12 3 0 2 20 1 413 
00010101100001001110101000000000

2 123 5 2 3 10 2 1 3 12 3 0 2 20 1 414 
00001010110010100110110101110110

2 123 5 2 3 10 2 1 3 12 3 0 2 20 1 415 
00101111000100001011100000000111

2 123 5 2 3 10 2 1 3 12 3 0 2 20 1 416 
01100110110010000001111110001101

2 123 5 2 3 10 2 1 3 12 3 0 2 20 1 417 
11100011111100010001101100001100

2 123 5 2 3 10 2 1 3 12 3 0 2 20 1 418 
01100000100111110100100110101001

2 123 5 2 3 10 2 1 3 12 3 0 2 20 1 419 
00101110111100011100000011110111

2 123 5 2 3 10 2 1 3 12 3 0 2 20 1 420 
01110100111110011101001101100111

2 123 5 2 3 10 2 1 3 12 3 0 2 20 1 421 
11111000011011000111110110111011

2 123 5 2 3 10 2 1 3 12 3 0 2 20 1 422 
10110110011000011011010010001110

2 123 5 2 3 10 2 1 3 12 3 0 2 20 1 423 
01111011010111100110100000100101

2 123 5 2 3 10 2 1 3 12 3 0 2 20 1 424 
00011110010101111100111001100001

2 123 5 2 3 10 2 1 3 12 3 0 2 20 1 425 
01111100001011110110111011011101

2 123 5 2 3 10 2 1 3 12 3 0 2 20 1 426 
00001011000011011001011001101001

2 123 5 2 3 10 2 1 3 12 3 0 2 20 1 427 
11010110111101001100110000001111

2 123 5 2 3 10 2 1 3 12 3 0 2 20 1 428 
10011001101001000111100010110110

2 123 5 2 3 10 2 1 3 12 3 0 2 20 1 429 
01010110101011001001100001110101

2 123 5 2 3 10 2 1 3 12 3 0 2 20 1 430 
10000011111110111000001001111101

2 123 5 2 3 10 2 1 3 12 3 0 2 20 1 431 
11000110100100110001110110011001

2 123 5 2 3 10 2 1 3 12 3 0 2 20 1 432 
01000000001010110011000001011000

2 123 5 2 3 10 2 1 3 12 3 0 2 20 1 433 
01001101100101110000110100110100

2 123 5 2 3 10 2 1 3 12 3 0 2 20 1 434 
00000001101101100100111011001101

2 123 5 2 3 10 2 1 3 12 3 0 2 20 1 435 
01010101011010100110110011011000

2 123 5 2 3 10 2 1 3 12 3 0 2 20 1 436 
00111110101110110000000101110000

2 123 5 2 3 10 2 1 3 12 3 0 2 20 1 437 
00011001011010010100111001010000

2 123 5 2 3 10 2 1 3 12 3 0 2 20 1 438 
01001010001000110011000110111111

2 123 5 2 3 10 2 1 3 12 3 0 2 20 1 439 
10011110001000010000000011011110

2 123 5 2 3 10 2 1 3 12 3 0 2 20 1 440 
10110001011100011010100110000101

2 123 5 2 3 10 2 1 3 12 3 0 2 20 1 441 
11010000000101011110101000110100

2 123 5 2 3 10 2 1 3 12 3 0 2 20 1 442 
11011000000010110010100000010010

2 123 5 2 3 10 2 1 3 12 3 0 2 20 1 443 
11100010101001011000111111110101

2 123 5 2 3 10 2 1 3 12 3 0 2 20 1 444 
10001000101011111101110000101011

2 123 5 2 3 10 2 1 3 12 3 0 2 20 1 445 
00101110001001000011001101101101

2 123 5 2 3 10 2 1 3 12 3 0 2 20 1 446 
01111000000110100110010110110001

2 123 5 2 3 10 2 1 3 12 3 0 2 20 1 447 
11110110111010111100110000100001

2 123 5 2 3 10 2 1 3 12 3 0 2 20 1 448 
11011010100110010110100011101000

2 123 5 2 3 10 2 1 3 12 3 0 2 20 1 449 
11001110111001111100011001101011

2 123 5 2 3 10 2 1 3 12 3 0 2 20 1 450 
11001001010111110000101000101100

2 123 5 2 3 10 2 1 3 12 3 0 2 20 1 451 
11110111110011011111000101110000

2 123 5 2 3 10 2 1 3 12 3 0 2 20 1 452 
01001101000001110010100100101010

2 123 5 2 3 10 2 1 3 12 3 0 2 20 1 453 
10001010010100000010111111111001

2 123 5 2 3 10 2 1 3 12 3 0 2 20 1 454 
10010100100010110100100110100011

2 123 5 2 3 10 2 1 3 12 3 0 2 20 1 455 
11000111100010101110010101011001

2 123 5 2 3 10 2 1 3 12 3 0 2 20 1 456 
01111010111001011000011011011010

2 123 5 2 3 10 2 1 3 12 3 0 2 20 1 457 
11111010101101111000101010001001

2 123 5 2 3 10 2 1 3 12 3 0 2 20 1 458 
11000010100010010100111111110000

2 123 5 2 3 10 2 1 3 12 3 0 2 20 1 459 
11110100110001000011110110010100

2 123 5 2 3 10 2 1 3 12 3 0 2 20 1 460 
00001010001001110100010100110100

2 123 5 2 3 10 2 1 3 12 3 0 2 20 1 461 
10101100000110000011111100000000

2 123 5 2 3 10 2 1 3 12 3 0 2 20 1 462 
01010010100011010100011111010011

2 123 5 2 3 10 2 1 3 12 3 0 2 20 1 463 
10111100110100101100111111110001

2 123 5 2 3 10 2 1 3 12 3 0 2 20 1 464 
10110101000010011010000101010000

2 123 5 2 3 10 2 1 3 12 3 0 2 20 1 465 
10110111111110001110110001010000

2 123 5 2 3 10 2 1 3 12 3 0 2 20 1 466 
11000111110111000011101110110100

2 123 5 2 3 10 2 1 3 12 3 0 2 20 1 467 
00101111001110000001010100110110

2 123 5 2 3 10 2 1 3 12 3 0 2 20 1 468 
11010010101101100111001100001000

2 123 5 2 3 10 2 1 3 12 3 0 2 20 1 469 
00010011101001111101010101110101

2 123 5 2 3 10 2 1 3 12 3 0 2 20 1 470 
00010001000001010111000111011100

2 123 5 2 3 10 2 1 3 12 3 0 2 20 1 471 
01110111011111111111010100011011

2 123 5 2 3 10 2 1 3 12 3 0 2 20 1 472 
11001111110110010010110111010001

2 123 5 2 3 10 2 1 3 12 3 0 2 20 1 473 
10111100011001101001011011001111

2 123 5 2 3 10 2 1 3 12 3 0 2 20 1 474 
01001110111011011011011100110100

2 123 5 2 3 10 2 1 3 12 3 0 2 20 1 475 
01110010101110000110110110011101

2 123 5 2 3 10 2 1 3 12 3 0 2 20 1 476 
11110100100000011011010100011010

2 123 5 2 3 10 2 1 3 12 3 0 2 20 1 477 
11110001000001110011011100000100

2 123 5 2 3 10 2 1 3 12 3 0 2 20 1 478 
10010011110000001101000000010100

2 123 5 2 3 10 2 1 3 12 3 0 2 20 1 479 
01101010010010001010101000111101

2 123 5 2 3 10 2 1 3 12 3 0 2 20 1 480 
11001100011010100000101001110100

2 123 5 2 3 10 2 1 3 12 3 0 2 20 1 481 
11001100110100001011000000101100

2 123 5 2 3 10 2 1 3 12 3 0 2 20 1 482 
11000001111111011010011110010110

2 123 5 2 3 10 2 1 3 12 3 0 2 20 1 483 
11011001010100110111101000100001

2 123 5 2 3 10 2 1 3 12 3 0 2 20 1 484 
11000011101011100100010101101001

2 123 5 2 3 10 2 1 3 12 3 0 2 20 1 485 
10100111010110010100101101110001

2 123 5 2 3 10 2 1 3 12 3 0 2 20 1 486 
10111010111101000001110010111110

2 123 5 2 3 10 2 1 3 12 3 0 2 20 1 487 
11101010000011000101001110001011

2 123 5 2 3 10 2 1 3 12 3 0 2 20 1 488 
11101110110101110010011110101101

2 123 5 2 3 10 2 1 3 12 3 0 2 20 1 489 
10000111110000110011101000110000

2 123 5 2 3 10 2 1 3 12 3 0 2 20 1 490 
00111001001001011110011010011110

2 123 5 2 3 10 2 1 3 12 3 0 2 20 1 491 
10101111111101000000100101110111

2 123 5 2 3 10 2 1 3 12 3 0 2 20 1 492 
11000101110010000111000100010101

2 123 5 2 3 10 2 1 3 12 3 0 2 20 1 493 
11101110111000100001101000010100

2 123 5 2 3 10 2 1 3 12 3 0 2 20 1 494 
01001001111001111000011110000010

2 123 5 2 3 10 2 1 3 12 3 0 2 20 1 495 
00000100100011011110110101011010

2 123 5 2 3 10 2 1 3 12 3 0 2 20 1 496 
10001000110110011000011001001100

2 123 5 2 3 10 2 1 3 12 3 0 2 20 1 497 
00100111110110001011001100000101

2 123 5 2 3 10 2 1 3 12 3 0 2 20 1 498 
00000110000010000001011111000010

2 123 5 2 3 10 2 1 3 12 3 0 2 20 1 499 
10101001110111111101000011111101

2 123 5 2 3 10 2 1 3 12 3 0 2 20 1 500 
00010101000010100011011110001010

2 123 5 2 3 10 2 1 3 12 3 0 2 20 1 501 
01001001010010001101010111101111

2 123 5 2 3 10 2 1 3 12 3 0 2 20 1 502 
11010101100110101011011111111001

2 123 5 2 3 10 2 1 3 12 3 0 2 20 1 503 
11011110010101111110001000011100

2 123 5 2 3 10 2 1 3 12 3 0 2 20 1 504 
10100001110100011110101110100100

2 123 5 2 3 10 2 1 3 12 3 0 2 20 1 505 
01110010000101101101001101101000

2 123 5 2 3 10 2 1 3 12 3 0 2 20 1 506 
11111111010101011110001000101100

2 123 5 2 3 10 2 1 3 12 3 0 2 20 1 507 
01001110011010110111110101111000

2 123 5 2 3 10 2 1 3 12 3 0 2 20 1 508 
00010000100110100000111100000011

2 123 5 2 3 10 2 1 3 12 3 0 2 20 1 509 
10101010011011000101010010010111

2 123 5 2 3 10 2 1 3 12 3 0 2 20 1 510 
00001111010111010010111100001010

2 123 5 2 3 10 2 1 3 12 3 0 2 20 1 511 
11101100111110011010101001010010

2 123 5 2 3 10 2 1 3 12 3 0 2 20 1 512 
00111010110011011111011011010001

2 123 5 2 3 10 2 1 3 12 3 0 2 20 1 513 
01010011011111110001111010100011

2 123 5 2 3 10 2 1 3 12 3 0 2 20 1 514 
00111110001011101011100111000101

2 123 5 2 3 10 2 1 3 12 3 0 2 20 1 515 
01000001101111100111010111101010

2 123 5 2 3 10 2 1 3 12 3 0 2 20 1 516 
11010011011110010111000111010110

2 123 5 2 3 10 2 1 3 12 3 0 2 20 1 517 
00000110111100010000110101010001

2 123 5 2 3 10 2 1 3 12 3 0 2 20 1 518 
00111001111100111111100011100011

2 123 5 2 3 10 2 1 3 12 3 0 2 20 1 519 
01011100110010001101000100100010

2 123 5 2 3 10 2 1 3 12 3 0 2 20 1 520 
00011011101001000000111000011001

2 123 5 2 3 10 2 1 3 12 3 0 2 20 1 521 
01100010100010011011001110010000

2 123 5 2 3 10 2 1 3 12 3 0 2 20 1 522 
11110101101011100011110101000000

2 123 5 2 3 10 2 1 3 12 3 0 2 20 1 523 
01001110001111000111001101011111

2 123 5 2 3 10 2 1 3 12 3 0 2 20 1 524 
11101110100000010001000100011101

2 123 5 2 3 10 2 1 3 12 3 0 2 20 1 525 
11101010101111010000100001101001

2 123 5 2 3 10 2 1 3 12 3 0 2 20 1 526 
01101110110010101010110000101001

2 123 5 2 3 10 2 1 3 12 3 0 2 20 1 527 
10101010100111111001000110110101

2 123 5 2 3 10 2 1 3 12 3 0 2 20 1 528 
01110101001001101110111101011100

2 123 5 2 3 10 2 1 3 12 3 0 2 20 1 529 
11011001010111110100011111001110

2 123 5 2 3 10 2 1 3 12 3 0 2 20 1 530 
11010111011110110110011100011010

2 123 5 2 3 10 2 1 3 12 3 0 2 20 1 531 
00111010011110101111110001000001

2 123 5 2 3 10 2 1 3 12 3 0 2 20 1 532 
10000111111000001011110010011101

2 123 5 2 3 10 2 1 3 12 3 0 2 20 1 533 
01011111000001000011000010111101

2 123 5 2 3 10 2 1 3 12 3 0 2 20 1 534 
00011110011010110010111111100100

2 123 5 2 3 10 2 1 3 12 3 0 2 20 1 535 
00001000010000000011010000100010

2 123 5 2 3 10 2 1 3 12 3 0 2 20 1 536 
11001001010000111011111111111111

2 123 5 2 3 10 2 1 3 12 3 0 2 20 1 537 
10100110100111000000101101001001

2 123 5 2 3 10 2 1 3 12 3 0 2 20 1 538 
00011000111110010000000011110010

2 123 5 2 3 10 2 1 3 12 3 0 2 20 1 539 
01010000001100111001110010100100

2 123 5 2 3 10 2 1 3 12 3 0 2 20 1 540 
00010010010011011011011111101011

2 123 5 2 3 10 2 1 3 12 3 0 2 20 1 541 
11100000000111110111010000100011

2 123 5 2 3 10 2 1 3 12 3 0 2 20 1 542 
11100011000010011010110100101101

2 123 5 2 3 10 2 1 3 12 3 0 2 20 1 543 
00010011011000101110001110011010

2 123 5 2 3 10 2 1 3 12 3 0 2 20 1 544 
00101111001110111111101000111111

2 123 5 2 3 10 2 1 3 12 3 0 2 20 1 545 
00101111100100111011110101100110

2 123 5 2 3 10 2 1 3 12 3 0 2 20 1 546 
01001010010110100110100100110100

2 123 5 2 3 10 2 1 3 12 3 0 2 20 1 547 
01101110000100100110011101111110

2 123 5 2 3 10 2 1 3 12 3 0 2 20 1 548 
10011010101101101110001000111001

2 123 5 2 3 10 2 1 3 12 3 0 2 20 1 549 
11011010010110011110000011011001

2 123 5 2 3 10 2 1 3 12 3 0 2 20 1 550 
11101000001001100110100110010111

2 123 5 2 3 10 2 1 3 12 3 0 2 20 1 551 
01001100101001000111101100100010

2 123 5 2 3 10 2 1 3 12 3 0 2 20 1 552 
11101010101010110111101111110011

2 123 5 2 3 10 2 1 3 12 3 0 2 20 1 553 
10110110000111001111101100110001

2 123 5 2 3 10 2 1 3 12 3 0 2 20 1 554 
11001001001100000110011101001001

2 123 5 2 3 10 2 1 3 12 3 0 2 20 1 555 
11101101110111001101011100110101

2 123 5 2 3 10 2 1 3 12 3 0 2 20 1 556 
01110001101111110101010111100100

2 123 5 2 3 10 2 1 3 12 3 0 2 20 1 557 
11101011111010101101100000111001

2 123 5 2 3 10 2 1 3 12 3 0 2 20 1 558 
00001110110101101101100101001101

2 123 5 2 3 10 2 1 3 12 3 0 2 20 1 559 
11101000001100101100110111100001

2 123 5 2 3 10 2 1 3 12 3 0 2 20 1 560 
11011110001001111001010111101101

2 123 5 2 3 10 2 1 3 12 3 0 2 20 1 561 
01001110010110100010011101101010

2 123 5 2 3 10 2 1 3 12 3 0 2 20 1 562 
11110110101010100011101001001011

2 123 5 2 3 10 2 1 3 12 3 0 2 20 1 563 
00010000100011111011100100011100

2 123 5 2 3 10 2 1 3 12 3 0 2 20 1 564 
11110010001000010000110000000000

564
-232715264
11110010001000010000110000000000

